# Feynman I.6.2a   exp(-theta**2/2)/sqrt(2*pi)
** theta          f
2.0311013241696108 0.05071037127202593 
1.6727560328461166 0.09847083107122498 
2.8625996847423414 0.006629824068894383 
1.242002436295575 0.18447827758739502 
2.4218847314761893 0.02124356273794299 
1.727465689646136 0.08972486131141143 
1.3352476507554523 0.16359168559872236 
1.7464670288139756 0.08681185619183654 
1.7008725891364636 0.09390963250488102 
1.5865988441368482 0.1133146882162891 
1.7943223153849481 0.07975986715023399 
1.0454033478984677 0.23099190482931597 
1.2676510442950415 0.1786354542404867 
2.0998011940999612 0.044001961761176975 
2.7736822622004143 0.0085178171073333 
2.5229486420735836 0.01654661948951824 
1.8642568381996183 0.0701818665486202 
1.0403352516928195 0.23221601272887205 
1.8449780174239216 0.07273660776408575 
1.1987914611235693 0.19446773494900751 
